Waypoints: 24
180.000000 299.000000
203.000000 239.000000
260.000000 157.000000
487.000000 84.000000
647.000000 151.000000
855.000000 94.000000
1070.000000 127.000000
1182.000000 291.000000
1180.000000 479.000000
1085.000000 599.000000
970.000000 634.000000
900.000000 627.000000
843.000000 569.000000
837.000000 419.000000
770.000000 369.000000
665.000000 349.000000
530.000000 404.000000
500.000000 491.000000
490.000000 589.000000
423.000000 619.000000
300.000000 629.000000
198.000000 564.000000
157.000000 421.000000
180.000000 299.000000
Walls: 46
258.002625 319.018616 274.226746 276.694824
103.530716 274.981445 131.773331 201.305115
274.226746 276.694824 310.247009 224.876190
131.773331 201.305115 209.753021 89.123810
310.247009 224.876190 483.358459 169.205994
209.753021 89.123810 490.641571 -1.206001
483.358459 169.205994 641.541809 235.445267
490.641571 -1.206001 652.458252 66.554733
641.541809 235.445267 859.707642 175.659424
652.458252 66.554733 850.292358 12.340576
859.707642 175.659424 1023.526917 200.803772
850.292358 12.340576 1116.473145 53.196217
1023.526917 200.803772 1101.736694 315.325226
1116.473145 53.196217 1262.263306 266.674713
1101.736694 315.325226 1100.295532 450.793213
1262.263306 266.674713 1259.704468 507.206787
1100.295532 450.793213 1037.792480 529.744446
1259.704468 507.206787 1132.207520 668.255554
1037.792480 529.744446 962.026489 552.803650
1132.207520 668.255554 977.973511 715.196350
962.026489 552.803650 936.766357 550.277649
977.973511 715.196350 863.233704 703.722351
936.766357 550.277649 921.701965 534.948975
863.233704 703.722351 764.298035 603.051025
921.701965 534.948975 915.411804 377.695068
764.298035 603.051025 758.588196 460.304993
915.411804 377.695068 803.075073 293.861694
758.588196 460.304993 736.924805 444.138306
803.075073 293.861694 656.727173 265.985901
736.924805 444.138306 673.272705 432.014099
656.727173 265.985901 466.202515 343.607056
673.272705 432.014099 593.797546 464.392883
466.202515 343.607056 421.352844 473.671143
593.797546 464.392883 578.647156 508.329071
421.352844 473.671143 415.106964 534.880676
578.647156 508.329071 564.893066 643.119385
415.106964 534.880676 402.835358 540.375427
564.893066 643.119385 443.164795 697.624573
402.835358 540.375427 320.317322 547.084229
443.164795 697.624573 279.682739 710.915771
320.317322 547.084229 266.549377 512.820313
279.682739 710.915771 129.450592 615.179626
266.549377 512.820313 239.164169 417.306061
129.450592 615.179626 74.835823 424.693909
239.164169 417.306061 258.002625 319.018616
74.835823 424.693909 103.530716 274.981445
